[Camera Parameters]
; These are the parameters for the demo images
focal_length = 717
radial_distortion = -0.06462
radial_distortion = -0.38987

[Images]
result = drexelmain.png
; List the images here like
; image = frame01.png
; image = frame02.png
image = DSC00097.png
image = DSC00098.png
image = DSC00099.png
image = DSC00100.png
image = DSC00101.png
image = DSC00102.png
image = DSC00103.png
image = DSC00104.png
image = DSC00105.png
image = DSC00106.png
image = DSC00107.png
image = DSC00108.png
image = DSC00109.png
image = DSC00110.png
image = DSC00111.png

[Lucas-Kanade]
; Lucas-Kanade options
levels = 3
steps = 4

[Panorama]
; List the pairs here in the format
; pair = [image id] [image id] [horizontal offset] [vertical offset]
; for example:
; pair = 0 14 180 10
; pair = 14 13 120 -5
; ....
; pair = 01 00 200 0
;
; Remember that Lucas-Kanade estimates the movement of the 1st image
pair = 00 14 240 0
pair = 14 13 300 0
pair = 13 12 368 0
pair = 12 11 316 0
pair = 11 10 324 0
pair = 10 09 297 0
pair = 09 08 300 0
pair = 08 07 335 0
pair = 07 06 306 0
pair = 06 05 296 0
pair = 05 04 268 0
pair = 04 03 276 0
pair = 03 02 277 0
pair = 02 01 252 0
pair = 01 00 232 0
