[Camera Parameters]
; These are the parameters for the demo images
focal_length = 2611
radial_distortion = -0.17121
radial_distortion = 0.09081

[Images]
result = lab324.jpg
; List the images here like
; image = frame01.jpg
; image = frame02.jpg
image = DSC02870.jpg
image = DSC02871.jpg
image = DSC02872.jpg
image = DSC02873.jpg
image = DSC02874.jpg
image = DSC02875.jpg
image = DSC02876.jpg
image = DSC02877.jpg
image = DSC02878.jpg
image = DSC02879.jpg
image = DSC02880.jpg
image = DSC02881.jpg
image = DSC02882.jpg
image = DSC02883.jpg
image = DSC02884.jpg

[Lucas-Kanade]
; Lucas-Kanade options
levels = 3
steps = 4

[Panorama]
; List the pairs here in the format
; pair = [image id] [image id] [horizontal offset] [vertical offset]
; for example:
; pair = 0 14 180 10
; pair = 14 13 120 -5
; ....
; pair = 01 00 200 0
;
; Remember that Lucas-Kanade estimates the movement of the 1st image
pair = 00 14 187 0
pair = 14 13 569 0
pair = 13 12 848 0
pair = 12 11 1000 0
pair = 11 10 1030 0
pair = 10 09 831 0
pair = 09 08 1104 0
pair = 08 07 869 0
pair = 07 06 750 0
pair = 06 05 701 0
pair = 05 04 954 0
pair = 04 03 680 0
pair = 03 02 805 0
pair = 02 01 788 0
pair = 01 00 700 0
