[Camera Parameters]
; These are the parameters for the demo images
focal_length = 2611
radial_distortion = -0.17121
radial_distortion = 0.09081

[Images]
result = bossone_terrace.jpg
; List the images here like
; image = frame01.jpg
; image = frame02.jpg
image = DSC02930.jpg
image = DSC02931.jpg
image = DSC02932.jpg
image = DSC02933.jpg
image = DSC02934.jpg
image = DSC02935.jpg
image = DSC02936.jpg
image = DSC02937.jpg
image = DSC02938.jpg
image = DSC02939.jpg
image = DSC02940.jpg
image = DSC02941.jpg
image = DSC02942.jpg
image = DSC02943.jpg
image = DSC02944.jpg
image = DSC02945.jpg

[Lucas-Kanade]
; Lucas-Kanade options
levels = 3
steps = 4

[Panorama]
; List the pairs here in the format
; pair = [image id] [image id] [horizontal offset] [vertical offset]
; for example:
; pair = 0 14 180 10
; pair = 14 13 120 -5
; ....
; pair = 01 00 200 0
;
; Remember that Lucas-Kanade estimates the movement of the 1st image
pair = 00 15 820 0
pair = 15 14 743 0
pair = 14 13 731 0
pair = 13 12 704 0
pair = 12 11 751 0
pair = 11 10 803 0
pair = 10 09 748 0
pair = 09 08 701 0
pair = 08 07 729 0
pair = 07 06 776 0
pair = 06 05 687 0
pair = 05 04 710 0
pair = 04 03 757 0
pair = 03 02 773 0
pair = 02 01 772 0
pair = 01 00 785 0
