[Camera Parameters]
; These are the parameters for the demo images
focal_length = 2611
radial_distortion = -0.17121
radial_distortion = 0.09081

[Images]
result = home_trashbin.jpg
; List the images here like
; image = frame01.jpg
; image = frame02.jpg
image = DSC02975.jpg
image = DSC02976.jpg
image = DSC02977.jpg
image = DSC02978.jpg
image = DSC02979.jpg
image = DSC02980.jpg
image = DSC02981.jpg
image = DSC02982.jpg
image = DSC02983.jpg
image = DSC02984.jpg
image = DSC02985.jpg
image = DSC02986.jpg
image = DSC02987.jpg
image = DSC02988.jpg
image = DSC02989.jpg

[Lucas-Kanade]
; Lucas-Kanade options
levels = 3
steps = 4

[Panorama]
; List the pairs here in the format
; pair = [image id] [image id] [horizontal offset] [vertical offset]
; for example:
; pair = 0 14 180 10
; pair = 14 13 120 -5
; ....
; pair = 01 00 200 0
;
; Remember that Lucas-Kanade estimates the movement of the 1st image
pair = 00 14 456 0
pair = 14 13 604 0
pair = 13 12 623 0
pair = 12 11 686 0
pair = 11 10 937 0
pair = 10 09 775 0
pair = 09 08 737 0
pair = 08 07 851 0
pair = 07 06 1218 0
pair = 06 05 1029 0
pair = 05 04 872 0
pair = 04 03 729 0
pair = 03 02 978 0
pair = 02 01 873 0
pair = 01 00 713 0
